tra_d=[3.54744525547445e-001	4.98652291105121e+001
4.31386861313869e-001	5.44474393530997e+001
4.56934306569343e-001	5.71428571428571e+001
5.08029197080292e-001	6.30727762803235e+001
5.38686131386861e-001	6.49595687331536e+001
5.54014598540146e-001	6.65768194070081e+001
6.05109489051095e-001	7.00808625336927e+001
6.71532846715328e-001	7.33153638814016e+001
7.27737226277372e-001	7.46630727762803e+001
7.63503649635036e-001	7.57412398921833e+001
8.50364963503650e-001	7.68194070080862e+001
9.16788321167883e-001	7.78975741239892e+001
9.93430656934307e-001	7.84366576819407e+001
1.08540145985401e+000	7.97843665768194e+001
1.18248175182482e+000	8.11320754716981e+001
1.29489051094891e+000	8.30188679245283e+001
1.38686131386861e+000	8.43665768194070e+001
1.69343065693431e+000	8.81401617250674e+001
2.02043795620438e+000	9.00269541778976e+001];
tra_m=[3.54744525547445e-001	5.14824797843666e+001
3.95620437956204e-001	5.36388140161725e+001
4.51824817518248e-001	5.76819407008086e+001
5.18248175182482e-001	6.38814016172507e+001
5.43795620437956e-001	6.73854447439353e+001
6.05109489051095e-001	7.33153638814016e+001
6.76642335766423e-001	7.65498652291105e+001
7.27737226277372e-001	7.70889487870620e+001
7.94160583941606e-001	7.68194070080862e+001
8.55474452554744e-001	7.60107816711590e+001
9.72992700729927e-001	7.33153638814016e+001
1.05985401459854e+000	7.14285714285714e+001
1.13649635036496e+000	7.03504043126685e+001
1.19781021897810e+000	6.95417789757412e+001
1.31532846715328e+000	6.98113207547170e+001
1.38686131386861e+000	7.00808625336927e+001
1.42773722627737e+000	7.00808625336927e+001
1.63211678832117e+000	7.22371967654987e+001
1.69854014598540e+000	7.25067385444744e+001
1.74963503649635e+000	7.25067385444744e+001
1.81094890510949e+000	7.33153638814016e+001
1.85182481751825e+000	7.41239892183288e+001
2.02554744525547e+000	7.54716981132076e+001];


