function result=PDMS_k(x)
% 1) X. Zhang, J. Qiu, X. Li, J. Zhao, L. Liu. Complex refractive indices measurements of polymers in visible and near-infrared bands, Appl. Opt. 59, 2337-2344 (2020) (0.4-2 µm)
% 2) X. Zhang, J. Qiu, J. Zhao, X. Li, L. Liu. Complex refractive indices measurements of polymers in infrared bands, J. Quant. Spectrosc. Radiat. Transf. 252, 107063 (2020) (2-20 µm)
x=10^6*x;
data=[0.299	9.29E-07
0.40	9.29E-07
0.41	9.08E-07
0.42	9.01E-07
0.43	9.07E-07
0.44	9.05E-07
0.45	8.99E-07
0.46	9.02E-07
0.47	9.02E-07
0.48	9.08E-07
0.49	9.17E-07
0.50	9.06E-07
0.51	9.21E-07
0.52	9.12E-07
0.53	9.04E-07
0.54	9.09E-07
0.55	9.16E-07
0.56	9.01E-07
0.57	9.12E-07
0.58	9.14E-07
0.59	9.02E-07
0.60	9.32E-07
0.61	9.04E-07
0.62	9.10E-07
0.63	8.99E-07
0.64	9.04E-07
0.65	8.95E-07
0.66	8.72E-07
0.67	8.66E-07
0.68	8.71E-07
0.69	8.48E-07
0.70	8.66E-07
0.71	8.57E-07
0.72	8.61E-07
0.73	8.66E-07
0.74	9.06E-07
0.75	8.60E-07
0.76	8.40E-07
0.77	8.43E-07
0.78	8.32E-07
0.79	8.13E-07
0.80	8.06E-07
0.81	8.32E-07
0.82	6.80E-07
0.83	7.14E-07
0.84	7.12E-07
0.85	8.60E-07
0.86	7.98E-07
0.87	1.32E-06
0.88	1.42E-06
0.89	1.40E-06
0.90	1.43E-06
0.91	1.53E-06
0.92	1.47E-06
0.93	1.76E-06
0.94	1.52E-06
0.95	1.40E-06
0.96	1.75E-06
0.97	1.79E-06
0.98	1.53E-06
0.99	1.37E-06
1.00	1.80E-06
1.01	1.55E-06
1.02	1.78E-06
1.03	1.69E-06
1.04	1.55E-06
1.05	1.45E-06
1.06	1.51E-06
1.07	1.60E-06
1.08	1.70E-06
1.09	1.98E-06
1.10	1.77E-06
1.11	1.58E-06
1.12	1.72E-06
1.13	1.98E-06
1.14	2.62E-06
1.15	4.44E-06
1.16	4.43E-06
1.17	5.13E-06
1.18	1.22E-05
1.19	1.68E-05
1.20	4.17E-06
1.21	3.01E-06
1.22	2.83E-06
1.23	1.95E-06
1.24	1.89E-06
1.25	1.95E-06
1.26	1.96E-06
1.27	2.30E-06
1.28	2.11E-06
1.29	2.07E-06
1.30	2.11E-06
1.31	2.02E-06
1.32	2.03E-06
1.33	2.16E-06
1.34	2.55E-06
1.35	3.20E-06
1.36	4.93E-06
1.37	9.94E-06
1.38	1.01E-05
1.39	1.22E-05
1.40	1.59E-05
1.41	1.35E-05
1.42	7.84E-06
1.43	6.69E-06
1.44	5.54E-06
1.45	4.38E-06
1.46	4.41E-06
1.47	4.43E-06
1.48	2.54E-06
1.49	4.64E-06
1.50	5.18E-06
1.51	6.58E-06
1.52	7.61E-06
1.53	7.71E-06
1.54	7.77E-06
1.55	7.85E-06
1.56	6.97E-06
1.57	5.25E-06
1.58	4.25E-06
1.59	3.94E-06
1.60	3.99E-06
1.61	4.17E-06
1.62	4.68E-06
1.63	5.52E-06
1.64	7.63E-06
1.65	1.16E-05
1.66	1.09E-05
1.67	1.13E-05
1.68	2.04E-05
1.69	8.84E-05
1.70	7.16E-05
1.71	3.78E-05
1.72	2.48E-05
1.73	4.66E-05
1.74	8.54E-05
1.75	9.00E-05
1.76	4.01E-05
1.77	2.54E-05
1.78	2.54E-05
1.79	2.63E-05
1.80	1.30E-05
1.81	8.95E-06
1.82	8.47E-06
1.83	1.50E-05
1.84	2.21E-05
1.85	2.61E-05
1.86	1.39E-05
1.87	7.61E-06
1.88	6.69E-06
1.89	7.04E-06
1.90	7.68E-06
1.91	8.38E-06
1.92	9.07E-06
1.93	9.60E-06
1.94	1.03E-05
1.95	1.02E-05
1.96	1.22E-05
1.97	1.48E-05
1.98	1.46E-05
1.99	1.45E-05
2.00	1.36E-05
2.0097	1.57E-05
2.0190	1.41E-05
2.0285	1.12E-05
2.0381	1.09E-05
2.0478	1.03E-05
2.0575	9.48E-06
2.0673	8.99E-06
2.0773	8.88E-06
2.0873	9.15E-06
2.0975	9.70E-06
2.1077	1.04E-05
2.1180	1.14E-05
2.1285	1.32E-05
2.1390	1.63E-05
2.1496	2.04E-05
2.1568	2.28E-05
2.1676	2.64E-05
2.1785	3.25E-05
2.1896	4.14E-05
2.1970	4.82E-05
2.2082	5.87E-05
2.2196	6.87E-05
2.2272	7.38E-05
2.2387	7.99E-05
2.2465	8.41E-05
2.2582	8.90E-05
2.2661	9.09E-05
2.2781	9.16E-05
2.2861	9.17E-05
2.2983	9.27E-05
2.3065	9.36E-05
2.3188	9.28E-05
2.3272	9.02E-05
2.3398	8.73E-05
2.3482	8.88E-05
2.3568	9.24E-05
2.3697	9.74E-05
2.3784	9.91E-05
2.3872	9.95E-05
2.3960	9.95E-05
2.4093	9.74E-05
2.4183	9.34E-05
2.4274	9.11E-05
2.4365	9.33E-05
2.4457	9.86E-05
2.4596	1.03E-04
2.4690	1.04E-04
2.4784	1.05E-04
2.4880	1.05E-04
2.4975	1.03E-04
2.5072	1.00E-04
2.5169	9.67E-05
2.5268	9.33E-05
2.5366	9.10E-05
2.5466	9.01E-05
2.5567	9.13E-05
2.5668	9.45E-05
2.5770	9.85E-05
2.5873	1.03E-04
2.5976	1.08E-04
2.6081	1.10E-04
2.6186	1.12E-04
2.6293	1.13E-04
2.6400	1.13E-04
2.6454	1.13E-04
2.6562	1.13E-04
2.6671	1.13E-04
2.6782	1.14E-04
2.6893	1.15E-04
2.6949	1.16E-04
2.7061	1.17E-04
2.7175	1.19E-04
2.7289	1.20E-04
2.7347	1.20E-04
2.7462	1.20E-04
2.7579	1.19E-04
2.7697	1.19E-04
2.7756	1.20E-04
2.7876	1.22E-04
2.7996	1.23E-04
2.8057	1.24E-04
2.8179	1.25E-04
2.8240	1.25E-04
2.8364	1.25E-04
2.8489	1.25E-04
2.8551	1.25E-04
2.8678	1.27E-04
2.8741	1.27E-04
2.8869	1.28E-04
2.8998	1.28E-04
2.9063	1.29E-04
2.9194	1.28E-04
2.9260	1.28E-04
2.9393	1.28E-04
2.9460	1.29E-04
2.9594	1.29E-04
2.9662	1.30E-04
2.9798	1.31E-04
2.9867	1.32E-04
2.9936	1.33E-04
3.0075	1.32E-04
3.0145	1.32E-04
3.0286	1.33E-04
3.0357	1.34E-04
3.0499	1.36E-04
3.0571	1.37E-04
3.0644	1.37E-04
3.0789	1.39E-04
3.0863	1.40E-04
3.0936	1.40E-04
3.1085	1.42E-04
3.1159	1.44E-04
3.1234	1.44E-04
3.1386	1.43E-04
3.1462	1.44E-04
3.1538	1.46E-04
3.1693	1.47E-04
3.1770	1.46E-04
3.1848	1.47E-04
3.1927	1.47E-04
3.2085	1.49E-04
3.2164	1.50E-04
3.2244	1.50E-04
3.2325	1.50E-04
3.2487	1.52E-04
3.2569	1.54E-04
3.2651	1.55E-04
3.2733	1.57E-04
3.2899	1.58E-04
3.2983	1.57E-04
3.3067	1.57E-04
3.3152	1.57E-04
3.3237	1.57E-04
3.3322	1.50E-03
3.3494	8.33E-03
3.3581	1.87E-02
3.3668	3.17E-02
3.3756	3.79E-02
3.3844	3.13E-02
3.3933	1.86E-02
3.4022	9.32E-03
3.4111	5.23E-03
3.4292	4.49E-03
3.4383	5.43E-03
3.4474	5.70E-03
3.4566	4.68E-03
3.4658	3.05E-03
3.4751	1.64E-03
3.4845	1.70E-04
3.4939	1.71E-04
3.5033	1.72E-04
3.5128	1.73E-04
3.5224	1.74E-04
3.5320	1.74E-04
3.5416	1.75E-04
3.5513	1.77E-04
3.5611	1.77E-04
3.5709	1.76E-04
3.5807	1.78E-04
3.5907	1.80E-04
3.6006	1.79E-04
3.6107	1.78E-04
3.6207	1.78E-04
3.6309	1.81E-04
3.6411	1.84E-04
3.6513	1.85E-04
3.6617	1.86E-04
3.6720	1.84E-04
3.6825	1.83E-04
3.6930	1.84E-04
3.7035	1.84E-04
3.7141	1.83E-04
3.7248	1.86E-04
3.7355	1.88E-04
3.7463	1.89E-04
3.7572	1.90E-04
3.7681	1.90E-04
3.7791	1.76E-04
3.7901	1.50E-04
3.8013	1.26E-04
3.8124	1.08E-04
3.8237	9.43E-05
3.8350	8.48E-05
3.8464	7.81E-05
3.8578	7.33E-05
3.8693	7.01E-05
3.8809	6.80E-05
3.8926	6.71E-05
3.9043	6.74E-05
3.9161	6.93E-05
3.9280	7.27E-05
3.9399	7.78E-05
3.9519	8.58E-05
3.9640	9.92E-05
3.9762	1.21E-04
3.9884	1.53E-04
4.0007	1.87E-04
4.0131	1.74E-04
4.0255	1.36E-04
4.0381	1.08E-04
4.0507	8.99E-05
4.0634	7.87E-05
4.0762	7.17E-05
4.0890	6.73E-05
4.1020	6.45E-05
4.1150	6.30E-05
4.1281	6.26E-05
4.1413	6.32E-05
4.1546	6.45E-05
4.1679	6.64E-05
4.1814	6.87E-05
4.1949	7.11E-05
4.2085	7.34E-05
4.2222	7.60E-05
4.2360	8.01E-05
4.2499	8.44E-05
4.2639	8.78E-05
4.2780	9.23E-05
4.2921	9.86E-05
4.3064	1.06E-04
4.3208	1.14E-04
4.3352	1.24E-04
4.3498	1.34E-04
4.3644	1.47E-04
4.3791	1.62E-04
4.3940	1.75E-04
4.4089	1.86E-04
4.4240	1.93E-04
4.4391	1.99E-04
4.4544	2.05E-04
4.4697	2.13E-04
4.4852	2.22E-04
4.5008	2.30E-04
4.5165	2.35E-04
4.5323	2.39E-04
4.5482	2.42E-04
4.5642	2.44E-04
4.5803	2.44E-04
4.5965	2.43E-04
4.6129	2.40E-04
4.6294	2.41E-04
4.6460	2.46E-04
4.6627	2.50E-04
4.6795	2.48E-04
4.6965	2.47E-04
4.7136	2.47E-04
4.7308	2.49E-04
4.7481	2.50E-04
4.7655	2.54E-04
4.7831	2.57E-04
4.8008	2.59E-04
4.8187	2.60E-04
4.8367	2.59E-04
4.8548	2.60E-04
4.8730	2.61E-04
4.8914	2.59E-04
4.9100	2.62E-04
4.9286	2.64E-04
4.9474	2.65E-04
4.9664	2.68E-04
4.9855	2.68E-04
5.0047	2.67E-04
5.0241	2.68E-04
5.0437	2.73E-04
5.0634	2.70E-04
5.0832	2.74E-04
5.1033	2.75E-04
5.1234	2.76E-04
5.1438	2.80E-04
5.1643	2.74E-04
5.1849	2.72E-04
5.2057	2.79E-04
5.2267	2.83E-04
5.2479	2.81E-04
5.2692	2.81E-04
5.2907	2.87E-04
5.3124	2.93E-04
5.3343	2.90E-04
5.3563	2.80E-04
5.3785	2.87E-04
5.4009	2.93E-04
5.4235	2.96E-04
5.4463	2.93E-04
5.4693	2.94E-04
5.4925	2.94E-04
5.5159	2.97E-04
5.5394	2.97E-04
5.5632	2.92E-04
5.5872	2.93E-04
5.6114	2.97E-04
5.6358	2.97E-04
5.6604	3.02E-04
5.6852	3.00E-04
5.7103	2.99E-04
5.7355	2.96E-04
5.7610	2.96E-04
5.7867	2.99E-04
5.8127	2.98E-04
5.8389	2.96E-04
5.8653	2.96E-04
5.8919	2.97E-04
5.9188	2.98E-04
5.9460	3.04E-04
